----------------------------------------------------------------------
 Truss Report for "testing_trusses/warren_rise" | 06/05/2023 18:09:07 
----------------------------------------------------------------------

--------
Overview
--------
Nodes: 21
Members: 39
Supports: 21
External Forces: 21
Solve Time: 0.004698s

Nodes
-----------|-----------------|-----|---------------------|---------------------|-----------------------------|-----------------|
 Node ID   | X               | Y   | Displacement X      | Displacement Y      | Euclidean Displacement      | Support Type    |
-----------|-----------------|-----|---------------------|---------------------|-----------------------------|-----------------|
 0         | 0.0             | 0.0 | 0.0                 | 0.0                 | 0.0                         | PIN             |
 1         | 2.8125          | 0.2 | -0.018              | -0.0701             | 0.0724                      | NONE            |
 2         | 5.625           | 0.4 | -0.0184             | -0.1594             | 0.1605                      | NONE            |
 3         | 8.8125          | 0.4 | -0.0129             | -0.2416             | 0.242                       | NONE            |
 4         | 12.0            | 0.4 | 0.0                 | -0.2726             | 0.2726                      | NONE            |
 5         | 15.1875         | 0.4 | 0.0129              | -0.2416             | 0.242                       | NONE            |
 6         | 18.375          | 0.4 | 0.0184              | -0.1594             | 0.1605                      | NONE            |
 7         | 21.1875         | 0.2 | 0.018               | -0.0701             | 0.0724                      | NONE            |
 8         | 24.0            | 0.0 | 0.0                 | 0.0                 | 0.0                         | PIN             |
 9         | 0.0             | 2.2 | 0.0                 | 0.0                 | 0.0                         | PIN             |
 10        | 1.40625         | 2.3 | 0.0156              | -0.0296             | 0.0334                      | NONE            |
 11        | 4.21875         | 2.5 | 0.0299              | -0.1139             | 0.1178                      | NONE            |
 12        | 5.625           | 2.6 | 0.0304              | -0.1591             | 0.162                       | NONE            |
 13        | 7.21875         | 2.6 | 0.0274              | -0.2025             | 0.2044                      | NONE            |
 14        | 10.40625        | 2.6 | 0.0104              | -0.2618             | 0.262                       | NONE            |
 15        | 13.59375        | 2.6 | -0.0104             | -0.2618             | 0.262                       | NONE            |
 16        | 16.78125        | 2.6 | -0.0274             | -0.2025             | 0.2044                      | NONE            |
 17        | 18.375          | 2.6 | -0.0304             | -0.1591             | 0.162                       | NONE            |
 18        | 19.78125        | 2.5 | -0.0299             | -0.1139             | 0.1178                      | NONE            |
 19        | 22.59375        | 2.3 | -0.0156             | -0.0296             | 0.0334                      | NONE            |
 20        | 24.0            | 2.2 | 0.0                 | 0.0                 | 0.0                         | PIN             |
-----------|-----------------|-----|---------------------|---------------------|-----------------------------|-----------------|


Members
-------------|-----------|-----------|-----------------|--------|-----------------|-----------------|
 Member ID   | Node 1    | Node 2    | Material        | Area   | Force           | Stress          |
-------------|-----------|-----------|-----------------|--------|-----------------|-----------------|
 0           | 0         | 1         | Steel           | 0.05   | -81,249.4513    | -1,624,989.0261 |
 1           | 1         | 2         | Steel           | 0.05   | -24,042.7584    | -480,855.1685   |
 2           | 2         | 3         | Steel           | 0.05   | 17,361.7959     | 347,235.9182    |
 3           | 3         | 4         | Steel           | 0.05   | 40,453.0601     | 809,061.2023    |
 4           | 4         | 5         | Steel           | 0.05   | 40,453.0601     | 809,061.2023    |
 5           | 5         | 6         | Steel           | 0.05   | 17,361.7959     | 347,235.9182    |
 6           | 6         | 7         | Steel           | 0.05   | -24,042.7584    | -480,855.1685   |
 7           | 7         | 8         | Steel           | 0.05   | -81,249.4513    | -1,624,989.0261 |
 8           | 9         | 10        | Steel           | 0.05   | 95,515.7034     | 1,910,314.0685  |
 9           | 10        | 11        | Steel           | 0.05   | 29,274.7489     | 585,494.9789    |
 10          | 11        | 12        | Steel           | 0.05   | -18,897.6823    | -377,953.6468   |
 11          | 12        | 13        | Steel           | 0.05   | -18,850.082     | -377,001.6397   |
 12          | 13        | 14        | Steel           | 0.05   | -53,486.9783    | -1,069,739.5658 |
 13          | 14        | 15        | Steel           | 0.05   | -65,032.6104    | -1,300,652.2079 |
 14          | 15        | 16        | Steel           | 0.05   | -53,486.9783    | -1,069,739.5658 |
 15          | 16        | 17        | Steel           | 0.05   | -18,850.082     | -377,001.6397   |
 16          | 17        | 18        | Steel           | 0.05   | -18,897.6823    | -377,953.6468   |
 17          | 18        | 19        | Steel           | 0.05   | 29,274.7489     | 585,494.9789    |
 18          | 19        | 20        | Steel           | 0.05   | 95,515.7034     | 1,910,314.0685  |
 19          | 0         | 9         | Steel           | 0.05   | 0.0             | 0.0             |
 20          | 2         | 12        | Steel           | 0.05   | 1,340.4503      | 26,809.0055     |
 21          | 6         | 17        | Steel           | 0.05   | 1,340.4503      | 26,809.0055     |
 22          | 8         | 20        | Steel           | 0.05   | 0.0             | 0.0             |
 23          | 0         | 10        | Steel           | 0.05   | -63,333.3466    | -1,266,666.9311 |
 24          | 1         | 11        | Steel           | 0.05   | -46,057.9306    | -921,158.6122   |
 25          | 2         | 13        | Steel           | 0.05   | -29,520.1192    | -590,402.3833   |
 26          | 3         | 14        | Steel           | 0.05   | -9,840.0397     | -196,800.7944   |
 27          | 4         | 15        | Steel           | 0.05   | 9,840.0397      | 196,800.7944    |
 28          | 5         | 16        | Steel           | 0.05   | 29,520.1192     | 590,402.3833    |
 29          | 6         | 18        | Steel           | 0.05   | 43,179.491      | 863,589.8195    |
 30          | 7         | 19        | Steel           | 0.05   | 59,375.2613     | 1,187,505.2264  |
 31          | 10        | 1         | Steel           | 0.05   | 59,375.2613     | 1,187,505.2264  |
 32          | 11        | 2         | Steel           | 0.05   | 43,179.491      | 863,589.8195    |
 33          | 13        | 3         | Steel           | 0.05   | 29,520.1192     | 590,402.3833    |
 34          | 14        | 4         | Steel           | 0.05   | 9,840.0397      | 196,800.7944    |
 35          | 15        | 5         | Steel           | 0.05   | -9,840.0397     | -196,800.7944   |
 36          | 16        | 6         | Steel           | 0.05   | -29,520.1192    | -590,402.3833   |
 37          | 18        | 7         | Steel           | 0.05   | -46,057.9306    | -921,158.6122   |
 38          | 19        | 8         | Steel           | 0.05   | -63,333.3466    | -1,266,666.9311 |
-------------|-----------|-----------|-----------------|--------|-----------------|-----------------|


External Forces
-----------|-------------|-------------|
 Node ID   | Force X     | Force Y     |
-----------|-------------|-------------|
 0         | 0.0         | -7,049.0    |
 1         | 0.0         | -14,098.0   |
 2         | 0.0         | -15,017.75  |
 3         | 0.0         | -15,937.5   |
 4         | 0.0         | -15,937.5   |
 5         | 0.0         | -15,937.5   |
 6         | 0.0         | -15,017.75  |
 7         | 0.0         | -14,098.0   |
 8         | 0.0         | -7,049.0    |
 9         | 0.0         | 0.0         |
 10        | 0.0         | 0.0         |
 11        | 0.0         | 0.0         |
 12        | 0.0         | 0.0         |
 13        | 0.0         | 0.0         |
 14        | 0.0         | 0.0         |
 15        | 0.0         | 0.0         |
 16        | 0.0         | 0.0         |
 17        | 0.0         | 0.0         |
 18        | 0.0         | 0.0         |
 19        | 0.0         | 0.0         |
 20        | 0.0         | 0.0         |
-----------|-------------|-------------|


Reaction Forces
-----------|---------------|-------------|
 Node ID   | Force X       | Force Y     |
-----------|---------------|-------------|
 0         | 114,081.8483  | 59,797.1192 |
 1         | 0.0           | 0.0         |
 2         | 0.0           | 0.0         |
 3         | 0.0           | 0.0         |
 4         | 0.0           | 0.0         |
 5         | 0.0           | 0.0         |
 6         | 0.0           | 0.0         |
 7         | 0.0           | 0.0         |
 8         | -114,081.8483 | 59,797.1192 |
 9         | -95,275.1141  | -6,775.1192 |
 10        | 0.0           | 0.0         |
 11        | 0.0           | 0.0         |
 12        | 0.0           | 0.0         |
 13        | 0.0           | 0.0         |
 14        | 0.0           | 0.0         |
 15        | 0.0           | 0.0         |
 16        | 0.0           | 0.0         |
 17        | 0.0           | 0.0         |
 18        | 0.0           | 0.0         |
 19        | 0.0           | 0.0         |
 20        | 95,275.1141   | -6,775.1192 |
-----------|---------------|-------------|


Materials
-----------------|-----------------------------|-----------------|
 Material Name   | Young's Modulus             | Max Stress      |
-----------------|-----------------------------|-----------------|
 Steel           | 200,000,000                 | 250,000,000     |
-----------------|-----------------------------|-----------------|


---------------------------
Debug Information (K, F, R)
---------------------------

K Matrix
[  4538110.6   1901790.2  -3528755.5   -250933.7         0.0         0.0         0.0         0.0         0.0         0.0         0.0         0.0         0.0         0.0         0.0         0.0         0.0         0.0         0.0         0.0  -1009355.2  -1650856.4         0.0         0.0         0.0         0.0         0.0         0.0         0.0         0.0         0.0         0.0         0.0         0.0         0.0         0.0         0.0         0.0         0.0         0.0         0.0         0.0 ]
[  1901790.2   7263366.1   -250933.7    -17844.2         0.0         0.0         0.0         0.0         0.0         0.0         0.0         0.0         0.0         0.0         0.0         0.0         0.0         0.0         0.0  -4545454.5  -1650856.4  -2700067.4         0.0         0.0         0.0         0.0         0.0         0.0         0.0         0.0         0.0         0.0         0.0         0.0         0.0         0.0         0.0         0.0         0.0         0.0         0.0         0.0 ]
[ -3528755.5   -250933.7   9291834.1    323438.5  -3528755.5   -250933.7         0.0         0.0         0.0         0.0         0.0         0.0         0.0         0.0         0.0         0.0         0.0         0.0         0.0         0.0  -1224967.9   1829285.4  -1009355.2  -1650856.4         0.0         0.0         0.0         0.0         0.0         0.0         0.0         0.0         0.0         0.0         0.0         0.0         0.0         0.0         0.0         0.0         0.0         0.0 ]
[  -250933.7    -17844.2    323438.5   5467488.7   -250933.7    -17844.2         0.0         0.0         0.0         0.0         0.0         0.0         0.0         0.0         0.0         0.0         0.0         0.0         0.0         0.0   1829285.4  -2731732.9  -1650856.4  -2700067.4         0.0         0.0         0.0         0.0         0.0         0.0         0.0         0.0         0.0         0.0         0.0         0.0         0.0         0.0         0.0         0.0         0.0         0.0 ]
[        0.0         0.0  -3528755.5   -250933.7   9157907.7    170507.7  -3137254.9         0.0         0.0         0.0         0.0         0.0         0.0         0.0         0.0         0.0         0.0         0.0         0.0         0.0         0.0         0.0  -1224967.9   1829285.4         0.0         0.0  -1266929.4  -1748859.4         0.0         0.0         0.0         0.0         0.0         0.0         0.0         0.0         0.0         0.0         0.0         0.0         0.0         0.0 ]
[        0.0         0.0   -250933.7    -17844.2    170507.7   9709143.4         0.0         0.0         0.0         0.0         0.0         0.0         0.0         0.0         0.0         0.0         0.0         0.0         0.0         0.0         0.0         0.0   1829285.4  -2731732.9         0.0  -4545454.5  -1748859.4  -2414111.8         0.0         0.0         0.0         0.0         0.0         0.0         0.0         0.0         0.0         0.0         0.0         0.0         0.0         0.0 ]
[        0.0         0.0         0.0         0.0  -3137254.9         0.0   8808368.5         0.0  -3137254.9         0.0         0.0         0.0         0.0         0.0         0.0         0.0         0.0         0.0         0.0         0.0         0.0         0.0         0.0         0.0         0.0         0.0  -1266929.4   1748859.4  -1266929.4  -1748859.4         0.0         0.0         0.0         0.0         0.0         0.0         0.0         0.0         0.0         0.0         0.0         0.0 ]
[        0.0         0.0         0.0         0.0         0.0         0.0         0.0   4828223.5         0.0         0.0         0.0         0.0         0.0         0.0         0.0         0.0         0.0         0.0         0.0         0.0         0.0         0.0         0.0         0.0         0.0         0.0   1748859.4  -2414111.8  -1748859.4  -2414111.8         0.0         0.0         0.0         0.0         0.0         0.0         0.0         0.0         0.0         0.0         0.0         0.0 ]
[        0.0         0.0         0.0         0.0         0.0         0.0  -3137254.9         0.0   8808368.5         0.0  -3137254.9         0.0         0.0         0.0         0.0         0.0         0.0         0.0         0.0         0.0         0.0         0.0         0.0         0.0         0.0         0.0         0.0         0.0  -1266929.4   1748859.4  -1266929.4  -1748859.4         0.0         0.0         0.0         0.0         0.0         0.0         0.0         0.0         0.0         0.0 ]
[        0.0         0.0         0.0         0.0         0.0         0.0         0.0         0.0         0.0   4828223.5         0.0         0.0         0.0         0.0         0.0         0.0         0.0         0.0         0.0         0.0         0.0         0.0         0.0         0.0         0.0         0.0         0.0         0.0   1748859.4  -2414111.8  -1748859.4  -2414111.8         0.0         0.0         0.0         0.0         0.0         0.0         0.0         0.0         0.0         0.0 ]
[        0.0         0.0         0.0         0.0         0.0         0.0         0.0         0.0  -3137254.9         0.0   8808368.5         0.0  -3137254.9         0.0         0.0         0.0         0.0         0.0         0.0         0.0         0.0         0.0         0.0         0.0         0.0         0.0         0.0         0.0         0.0         0.0  -1266929.4   1748859.4  -1266929.4  -1748859.4         0.0         0.0         0.0         0.0         0.0         0.0         0.0         0.0 ]
[        0.0         0.0         0.0         0.0         0.0         0.0         0.0         0.0         0.0         0.0         0.0   4828223.5         0.0         0.0         0.0         0.0         0.0         0.0         0.0         0.0         0.0         0.0         0.0         0.0         0.0         0.0         0.0         0.0         0.0         0.0   1748859.4  -2414111.8  -1748859.4  -2414111.8         0.0         0.0         0.0         0.0         0.0         0.0         0.0         0.0 ]
[        0.0         0.0         0.0         0.0         0.0         0.0         0.0         0.0         0.0         0.0  -3137254.9         0.0   9157907.7   -170507.7  -3528755.5    250933.7         0.0         0.0         0.0         0.0         0.0         0.0         0.0         0.0         0.0         0.0         0.0         0.0         0.0         0.0         0.0         0.0  -1266929.4   1748859.4         0.0         0.0  -1224967.9  -1829285.4         0.0         0.0         0.0         0.0 ]
[        0.0         0.0         0.0         0.0         0.0         0.0         0.0         0.0         0.0         0.0         0.0         0.0   -170507.7   9709143.4    250933.7    -17844.2         0.0         0.0         0.0         0.0         0.0         0.0         0.0         0.0         0.0         0.0         0.0         0.0         0.0         0.0         0.0         0.0   1748859.4  -2414111.8         0.0  -4545454.5  -1829285.4  -2731732.9         0.0         0.0         0.0         0.0 ]
[        0.0         0.0         0.0         0.0         0.0         0.0         0.0         0.0         0.0         0.0         0.0         0.0  -3528755.5    250933.7   9291834.1   -323438.5  -3528755.5    250933.7         0.0         0.0         0.0         0.0         0.0         0.0         0.0         0.0         0.0         0.0         0.0         0.0         0.0         0.0         0.0         0.0         0.0         0.0  -1009355.2   1650856.4  -1224967.9  -1829285.4         0.0         0.0 ]
[        0.0         0.0         0.0         0.0         0.0         0.0         0.0         0.0         0.0         0.0         0.0         0.0    250933.7    -17844.2   -323438.5   5467488.7    250933.7    -17844.2         0.0         0.0         0.0         0.0         0.0         0.0         0.0         0.0         0.0         0.0         0.0         0.0         0.0         0.0         0.0         0.0         0.0         0.0   1650856.4  -2700067.4  -1829285.4  -2731732.9         0.0         0.0 ]
[        0.0         0.0         0.0         0.0         0.0         0.0         0.0         0.0         0.0         0.0         0.0         0.0         0.0         0.0  -3528755.5    250933.7   4538110.6  -1901790.2         0.0         0.0         0.0         0.0         0.0         0.0         0.0         0.0         0.0         0.0         0.0         0.0         0.0         0.0         0.0         0.0         0.0         0.0         0.0         0.0  -1009355.2   1650856.4         0.0         0.0 ]
[        0.0         0.0         0.0         0.0         0.0         0.0         0.0         0.0         0.0         0.0         0.0         0.0         0.0         0.0    250933.7    -17844.2  -1901790.2   7263366.1         0.0         0.0         0.0         0.0         0.0         0.0         0.0         0.0         0.0         0.0         0.0         0.0         0.0         0.0         0.0         0.0         0.0         0.0         0.0         0.0   1650856.4  -2700067.4         0.0  -4545454.5 ]
[        0.0         0.0         0.0         0.0         0.0         0.0         0.0         0.0         0.0         0.0         0.0         0.0         0.0         0.0         0.0         0.0         0.0         0.0   7057511.0    501867.4  -7057511.0   -501867.4         0.0         0.0         0.0         0.0         0.0         0.0         0.0         0.0         0.0         0.0         0.0         0.0         0.0         0.0         0.0         0.0         0.0         0.0         0.0         0.0 ]
[        0.0  -4545454.5         0.0         0.0         0.0         0.0         0.0         0.0         0.0         0.0         0.0         0.0         0.0         0.0         0.0         0.0         0.0         0.0    501867.4   4581142.9   -501867.4    -35688.4         0.0         0.0         0.0         0.0         0.0         0.0         0.0         0.0         0.0         0.0         0.0         0.0         0.0         0.0         0.0         0.0         0.0         0.0         0.0         0.0 ]
[ -1009355.2  -1650856.4  -1224967.9   1829285.4         0.0         0.0         0.0         0.0         0.0         0.0         0.0         0.0         0.0         0.0         0.0         0.0         0.0         0.0  -7057511.0   -501867.4  12820589.5    574372.2  -3528755.5   -250933.7         0.0         0.0         0.0         0.0         0.0         0.0         0.0         0.0         0.0         0.0         0.0         0.0         0.0         0.0         0.0         0.0         0.0         0.0 ]
[ -1650856.4  -2700067.4   1829285.4  -2731732.9         0.0         0.0         0.0         0.0         0.0         0.0         0.0         0.0         0.0         0.0         0.0         0.0         0.0         0.0   -501867.4    -35688.4    574372.2   5485332.9   -250933.7    -17844.2         0.0         0.0         0.0         0.0         0.0         0.0         0.0         0.0         0.0         0.0         0.0         0.0         0.0         0.0         0.0         0.0         0.0         0.0 ]
[        0.0         0.0  -1009355.2  -1650856.4  -1224967.9   1829285.4         0.0         0.0         0.0         0.0         0.0         0.0         0.0         0.0         0.0         0.0         0.0         0.0         0.0         0.0  -3528755.5   -250933.7  12820589.5    574372.2  -7057511.0   -501867.4         0.0         0.0         0.0         0.0         0.0         0.0         0.0         0.0         0.0         0.0         0.0         0.0         0.0         0.0         0.0         0.0 ]
[        0.0         0.0  -1650856.4  -2700067.4   1829285.4  -2731732.9         0.0         0.0         0.0         0.0         0.0         0.0         0.0         0.0         0.0         0.0         0.0         0.0         0.0         0.0   -250933.7    -17844.2    574372.2   5485332.9   -501867.4    -35688.4         0.0         0.0         0.0         0.0         0.0         0.0         0.0         0.0         0.0         0.0         0.0         0.0         0.0         0.0         0.0         0.0 ]
[        0.0         0.0         0.0         0.0         0.0         0.0         0.0         0.0         0.0         0.0         0.0         0.0         0.0         0.0         0.0         0.0         0.0         0.0         0.0         0.0         0.0         0.0  -7057511.0   -501867.4  13332020.8    501867.4  -6274509.8         0.0         0.0         0.0         0.0         0.0         0.0         0.0         0.0         0.0         0.0         0.0         0.0         0.0         0.0         0.0 ]
[        0.0         0.0         0.0         0.0         0.0  -4545454.5         0.0         0.0         0.0         0.0         0.0         0.0         0.0         0.0         0.0         0.0         0.0         0.0         0.0         0.0         0.0         0.0   -501867.4    -35688.4    501867.4   4581142.9         0.0         0.0         0.0         0.0         0.0         0.0         0.0         0.0         0.0         0.0         0.0         0.0         0.0         0.0         0.0         0.0 ]
[        0.0         0.0         0.0         0.0  -1266929.4  -1748859.4  -1266929.4   1748859.4         0.0         0.0         0.0         0.0         0.0         0.0         0.0         0.0         0.0         0.0         0.0         0.0         0.0         0.0         0.0         0.0  -6274509.8         0.0  11945623.4         0.0  -3137254.9         0.0         0.0         0.0         0.0         0.0         0.0         0.0         0.0         0.0         0.0         0.0         0.0         0.0 ]
[        0.0         0.0         0.0         0.0  -1748859.4  -2414111.8   1748859.4  -2414111.8         0.0         0.0         0.0         0.0         0.0         0.0         0.0         0.0         0.0         0.0         0.0         0.0         0.0         0.0         0.0         0.0         0.0         0.0         0.0   4828223.5         0.0         0.0         0.0         0.0         0.0         0.0         0.0         0.0         0.0         0.0         0.0         0.0         0.0         0.0 ]
[        0.0         0.0         0.0         0.0         0.0         0.0  -1266929.4  -1748859.4  -1266929.4   1748859.4         0.0         0.0         0.0         0.0         0.0         0.0         0.0         0.0         0.0         0.0         0.0         0.0         0.0         0.0         0.0         0.0  -3137254.9         0.0   8808368.5         0.0  -3137254.9         0.0         0.0         0.0         0.0         0.0         0.0         0.0         0.0         0.0         0.0         0.0 ]
[        0.0         0.0         0.0         0.0         0.0         0.0  -1748859.4  -2414111.8   1748859.4  -2414111.8         0.0         0.0         0.0         0.0         0.0         0.0         0.0         0.0         0.0         0.0         0.0         0.0         0.0         0.0         0.0         0.0         0.0         0.0         0.0   4828223.5         0.0         0.0         0.0         0.0         0.0         0.0         0.0         0.0         0.0         0.0         0.0         0.0 ]
[        0.0         0.0         0.0         0.0         0.0         0.0         0.0         0.0  -1266929.4  -1748859.4  -1266929.4   1748859.4         0.0         0.0         0.0         0.0         0.0         0.0         0.0         0.0         0.0         0.0         0.0         0.0         0.0         0.0         0.0         0.0  -3137254.9         0.0   8808368.5         0.0  -3137254.9         0.0         0.0         0.0         0.0         0.0         0.0         0.0         0.0         0.0 ]
[        0.0         0.0         0.0         0.0         0.0         0.0         0.0         0.0  -1748859.4  -2414111.8   1748859.4  -2414111.8         0.0         0.0         0.0         0.0         0.0         0.0         0.0         0.0         0.0         0.0         0.0         0.0         0.0         0.0         0.0         0.0         0.0         0.0         0.0   4828223.5         0.0         0.0         0.0         0.0         0.0         0.0         0.0         0.0         0.0         0.0 ]
[        0.0         0.0         0.0         0.0         0.0         0.0         0.0         0.0         0.0         0.0  -1266929.4  -1748859.4  -1266929.4   1748859.4         0.0         0.0         0.0         0.0         0.0         0.0         0.0         0.0         0.0         0.0         0.0         0.0         0.0         0.0         0.0         0.0  -3137254.9         0.0  11945623.4         0.0  -6274509.8         0.0         0.0         0.0         0.0         0.0         0.0         0.0 ]
[        0.0         0.0         0.0         0.0         0.0         0.0         0.0         0.0         0.0         0.0  -1748859.4  -2414111.8   1748859.4  -2414111.8         0.0         0.0         0.0         0.0         0.0         0.0         0.0         0.0         0.0         0.0         0.0         0.0         0.0         0.0         0.0         0.0         0.0         0.0         0.0   4828223.5         0.0         0.0         0.0         0.0         0.0         0.0         0.0         0.0 ]
[        0.0         0.0         0.0         0.0         0.0         0.0         0.0         0.0         0.0         0.0         0.0         0.0         0.0         0.0         0.0         0.0         0.0         0.0         0.0         0.0         0.0         0.0         0.0         0.0         0.0         0.0         0.0         0.0         0.0         0.0         0.0         0.0  -6274509.8         0.0  13332020.8   -501867.4  -7057511.0    501867.4         0.0         0.0         0.0         0.0 ]
[        0.0         0.0         0.0         0.0         0.0         0.0         0.0         0.0         0.0         0.0         0.0         0.0         0.0  -4545454.5         0.0         0.0         0.0         0.0         0.0         0.0         0.0         0.0         0.0         0.0         0.0         0.0         0.0         0.0         0.0         0.0         0.0         0.0         0.0         0.0   -501867.4   4581142.9    501867.4    -35688.4         0.0         0.0         0.0         0.0 ]
[        0.0         0.0         0.0         0.0         0.0         0.0         0.0         0.0         0.0         0.0         0.0         0.0  -1224967.9  -1829285.4  -1009355.2   1650856.4         0.0         0.0         0.0         0.0         0.0         0.0         0.0         0.0         0.0         0.0         0.0         0.0         0.0         0.0         0.0         0.0         0.0         0.0  -7057511.0    501867.4  12820589.5   -574372.2  -3528755.5    250933.7         0.0         0.0 ]
[        0.0         0.0         0.0         0.0         0.0         0.0         0.0         0.0         0.0         0.0         0.0         0.0  -1829285.4  -2731732.9   1650856.4  -2700067.4         0.0         0.0         0.0         0.0         0.0         0.0         0.0         0.0         0.0         0.0         0.0         0.0         0.0         0.0         0.0         0.0         0.0         0.0    501867.4    -35688.4   -574372.2   5485332.9    250933.7    -17844.2         0.0         0.0 ]
[        0.0         0.0         0.0         0.0         0.0         0.0         0.0         0.0         0.0         0.0         0.0         0.0         0.0         0.0  -1224967.9  -1829285.4  -1009355.2   1650856.4         0.0         0.0         0.0         0.0         0.0         0.0         0.0         0.0         0.0         0.0         0.0         0.0         0.0         0.0         0.0         0.0         0.0         0.0  -3528755.5    250933.7  12820589.5   -574372.2  -7057511.0    501867.4 ]
[        0.0         0.0         0.0         0.0         0.0         0.0         0.0         0.0         0.0         0.0         0.0         0.0         0.0         0.0  -1829285.4  -2731732.9   1650856.4  -2700067.4         0.0         0.0         0.0         0.0         0.0         0.0         0.0         0.0         0.0         0.0         0.0         0.0         0.0         0.0         0.0         0.0         0.0         0.0    250933.7    -17844.2   -574372.2   5485332.9    501867.4    -35688.4 ]
[        0.0         0.0         0.0         0.0         0.0         0.0         0.0         0.0         0.0         0.0         0.0         0.0         0.0         0.0         0.0         0.0         0.0         0.0         0.0         0.0         0.0         0.0         0.0         0.0         0.0         0.0         0.0         0.0         0.0         0.0         0.0         0.0         0.0         0.0         0.0         0.0         0.0         0.0  -7057511.0    501867.4   7057511.0   -501867.4 ]
[        0.0         0.0         0.0         0.0         0.0         0.0         0.0         0.0         0.0         0.0         0.0         0.0         0.0         0.0         0.0         0.0         0.0  -4545454.5         0.0         0.0         0.0         0.0         0.0         0.0         0.0         0.0         0.0         0.0         0.0         0.0         0.0         0.0         0.0         0.0         0.0         0.0         0.0         0.0    501867.4    -35688.4   -501867.4   4581142.9 ]


U Matrix
[     0.0    ]
[     0.0    ]
[    -0.018  ]
[    -0.0701 ]
[    -0.0184 ]
[    -0.1594 ]
[    -0.0129 ]
[    -0.2416 ]
[     0.0    ]
[    -0.2726 ]
[     0.0129 ]
[    -0.2416 ]
[     0.0184 ]
[    -0.1594 ]
[     0.018  ]
[    -0.0701 ]
[     0.0    ]
[     0.0    ]
[     0.0    ]
[     0.0    ]
[     0.0156 ]
[    -0.0296 ]
[     0.0299 ]
[    -0.1139 ]
[     0.0304 ]
[    -0.1591 ]
[     0.0274 ]
[    -0.2025 ]
[     0.0104 ]
[    -0.2618 ]
[    -0.0104 ]
[    -0.2618 ]
[    -0.0274 ]
[    -0.2025 ]
[    -0.0304 ]
[    -0.1591 ]
[    -0.0299 ]
[    -0.1139 ]
[    -0.0156 ]
[    -0.0296 ]
[     0.0    ]
[     0.0    ]


F Matrix
[       0.0  ]
[   -7049.0  ]
[       0.0  ]
[  -14098.0  ]
[       0.0  ]
[  -15017.75 ]
[       0.0  ]
[  -15937.5  ]
[       0.0  ]
[  -15937.5  ]
[       0.0  ]
[  -15937.5  ]
[       0.0  ]
[  -15017.75 ]
[       0.0  ]
[  -14098.0  ]
[       0.0  ]
[   -7049.0  ]
[       0.0  ]
[       0.0  ]
[       0.0  ]
[       0.0  ]
[       0.0  ]
[       0.0  ]
[       0.0  ]
[       0.0  ]
[       0.0  ]
[       0.0  ]
[       0.0  ]
[       0.0  ]
[       0.0  ]
[       0.0  ]
[       0.0  ]
[       0.0  ]
[       0.0  ]
[       0.0  ]
[       0.0  ]
[       0.0  ]
[       0.0  ]
[       0.0  ]
[       0.0  ]
[       0.0  ]


R Matrix
[   114081.85 ]
[    59797.12 ]
[        0.0  ]
[        0.0  ]
[        0.0  ]
[        0.0  ]
[        0.0  ]
[        0.0  ]
[        0.0  ]
[        0.0  ]
[        0.0  ]
[        0.0  ]
[        0.0  ]
[        0.0  ]
[        0.0  ]
[        0.0  ]
[  -114081.85 ]
[    59797.12 ]
[   -95275.11 ]
[    -6775.12 ]
[        0.0  ]
[        0.0  ]
[        0.0  ]
[        0.0  ]
[        0.0  ]
[        0.0  ]
[        0.0  ]
[        0.0  ]
[        0.0  ]
[        0.0  ]
[        0.0  ]
[        0.0  ]
[        0.0  ]
[        0.0  ]
[        0.0  ]
[        0.0  ]
[        0.0  ]
[        0.0  ]
[        0.0  ]
[        0.0  ]
[    95275.11 ]
[    -6775.12 ]


