---------------------------------------------------------------------
 Truss Report for "example_trusses/warren_big" | 20/04/2023 12:26:14 
---------------------------------------------------------------------

--------
Overview
--------
Nodes: 13
Members: 23
Supports: 13
External Forces: 12
Solve Time: 0.002077s

Nodes
-----------|-----|-----|---------------------|---------------------|-----------------|
 Node ID   | X   | Y   | Displacement X      | Displacement Y      | Support Type    |
-----------|-----|-----|---------------------|---------------------|-----------------|
 0         | 0.0 | 0.0 | 0.0                 | 0.0                 | PIN             |
 1         | 1.0 | 0.0 | -0.0012             | -0.0085             | NONE            |
 2         | 2.0 | 0.0 | 0.0021              | -0.0147             | NONE            |
 3         | 3.0 | 0.0 | 0.0034              | -0.0174             | NONE            |
 4         | 4.0 | 0.0 | 0.0046              | -0.0113             | NONE            |
 5         | 5.0 | 0.0 | 0.0012              | -0.0051             | NONE            |
 6         | 6.0 | 0.0 | 0.0                 | 0.0                 | PIN             |
 7         | 0.5 | 1.0 | 0.0048              | -0.0039             | NONE            |
 8         | 1.5 | 1.0 | 0.0035              | -0.0124             | NONE            |
 9         | 2.5 | 1.0 | 0.0023              | -0.0163             | NONE            |
 10        | 3.5 | 1.0 | 0.0011              | -0.0147             | NONE            |
 11        | 4.5 | 1.0 | -0.0002             | -0.0074             | NONE            |
 12        | 5.5 | 1.0 | -0.0014             | -0.0023             | NONE            |
-----------|-----|-----|---------------------|---------------------|-----------------|


Members
-------------|-----------|-----------|-----------------|-------------------------|-----------------|---------------------------------|
 Member ID   | Node 1    | Node 2    | Material        | Area                    | Force           | Stress                          |
-------------|-----------|-----------|-----------------|-------------------------|-----------------|---------------------------------|
 0           | 0         | 1         | Balsa           | 0.0054347837901704095   | -25,000.0       | -4,599,999.0                    |
 1           | 1         | 2         | Balsa           | 6.995462494528753e-19   | 0.0             | 12,439,134.7368                 |
 2           | 2         | 3         | Balsa           | 0.0054347837901704095   | 25,000.0        | 4,599,999.0                     |
 3           | 3         | 4         | Balsa           | 0.005434783790170407    | 25,000.0        | 4,599,999.0                     |
 4           | 4         | 5         | Balsa           | 0                       | -0.0            | -12,439,134.7368                |
 5           | 5         | 6         | Balsa           | 0.005434783790170406    | -25,000.0       | -4,599,999.0                    |
 6           | 7         | 8         | Balsa           | 0.005434783790170406    | -25,000.0       | -4,599,999.0                    |
 7           | 8         | 9         | Balsa           | 0.01086956758034081     | -50,000.0       | -4,599,999.0                    |
 8           | 9         | 10        | Balsa           | 0.01630435137051121     | -75,000.0       | -4,599,999.0                    |
 9           | 10        | 11        | Balsa           | 0.010869567580340812    | -50,000.0       | -4,599,999.0                    |
 10          | 11        | 12        | Balsa           | 0.005434783790170399    | -25,000.0       | -4,599,999.0                    |
 11          | 0         | 7         | Balsa           | 0.006076272998917491    | -27,950.8497    | -4,599,999.0                    |
 12          | 1         | 8         | Balsa           | 0.006076272998917493    | -27,950.8497    | -4,599,999.0                    |
 13          | 2         | 9         | Balsa           | 0.006076272998917497    | -27,950.8497    | -4,599,999.0                    |
 14          | 3         | 10        | Balsa           | 0.006076272998917488    | 27,950.8497     | 4,599,999.0                     |
 15          | 4         | 11        | Balsa           | 0.006076272998917488    | 27,950.8497     | 4,599,999.0                     |
 16          | 5         | 12        | Balsa           | 0.006076272998917486    | 27,950.8497     | 4,599,999.0                     |
 17          | 7         | 1         | Balsa           | 0.006076272998917497    | 27,950.8497     | 4,599,999.0                     |
 18          | 8         | 2         | Balsa           | 0.006076272998917507    | 27,950.8497     | 4,599,999.0                     |
 19          | 9         | 3         | Balsa           | 0.006076272998917477    | 27,950.8497     | 4,599,999.0                     |
 20          | 10        | 4         | Balsa           | 0.006076272998917488    | -27,950.8497    | -4,599,999.0                    |
 21          | 11        | 5         | Balsa           | 0.006076272998917493    | -27,950.8497    | -4,599,999.0                    |
 22          | 12        | 6         | Balsa           | 0.00607627299891749     | -27,950.8497    | -4,599,999.0                    |
-------------|-----------|-----------|-----------------|-------------------------|-----------------|---------------------------------|


External Forces
-----------|-----------|-----------|
 Node ID   | Force X   | Force Y   |
-----------|-----------|-----------|
 0         | 0         | 0         |
 1         | 0         | 0         |
 2         | 0         | 0         |
 3         | 0         | -50,000   |
 4         | 0         | 0         |
 5         | 0         | 0         |
 6         | 0         | 0         |
 7         | 0         | 0         |
 8         | 0         | 0         |
 9         | 0         | 0         |
 10        | 0         | 0         |
 11        | 0         | 0         |
-----------|-----------|-----------|


Reaction Forces
-----------|-----------|-----------|
 Node ID   | Force X   | Force Y   |
-----------|-----------|-----------|
 0         | 37,500.0  | 25,000.0  |
 1         | 0.0       | 0.0       |
 2         | 0.0       | 0.0       |
 3         | 0.0       | 0.0       |
 4         | 0.0       | 0.0       |
 5         | 0.0       | 0.0       |
 6         | -37,500.0 | 25,000.0  |
 7         | 0.0       | 0.0       |
 8         | 0.0       | 0.0       |
 9         | 0.0       | 0.0       |
 10        | 0.0       | 0.0       |
 11        | 0.0       | 0.0       |
 12        | 0.0       | 0.0       |
-----------|-----------|-----------|


Materials
-----------------|-----------------------------|---------------|
 Material Name   | Young's Modulus             | Max Stress    |
-----------------|-----------------------------|---------------|
 Steel           | 200,000,000                 | 8,000,000     |
 Balsa           | 3,710,000,000               | 6,900,000     |
-----------------|-----------------------------|---------------|


---------------------------
Debug Information (K, F, R)
---------------------------

K Matrix
[  24195657.4    8065219.1  -20163047.9          0.0          0.0          0.0          0.0          0.0          0.0          0.0          0.0          0.0          0.0          0.0   -4032609.6   -8065219.1          0.0          0.0          0.0          0.0          0.0          0.0          0.0          0.0          0.0          0.0 ]
[   8065219.1   16130438.3          0.0          0.0          0.0          0.0          0.0          0.0          0.0          0.0          0.0          0.0          0.0          0.0   -8065219.1  -16130438.3          0.0          0.0          0.0          0.0          0.0          0.0          0.0          0.0          0.0          0.0 ]
[ -20163047.9          0.0   28228267.0         -0.0         -0.0          0.0          0.0          0.0          0.0          0.0          0.0          0.0          0.0          0.0   -4032609.6    8065219.1   -4032609.6   -8065219.1          0.0          0.0          0.0          0.0          0.0          0.0          0.0          0.0 ]
[         0.0          0.0         -0.0   32260876.6          0.0          0.0          0.0          0.0          0.0          0.0          0.0          0.0          0.0          0.0    8065219.1  -16130438.3   -8065219.1  -16130438.3          0.0          0.0          0.0          0.0          0.0          0.0          0.0          0.0 ]
[         0.0          0.0         -0.0          0.0   28228267.0         -0.0  -20163047.9          0.0          0.0          0.0          0.0          0.0          0.0          0.0          0.0          0.0   -4032609.6    8065219.1   -4032609.6   -8065219.1          0.0          0.0          0.0          0.0          0.0          0.0 ]
[         0.0          0.0          0.0          0.0         -0.0   32260876.6          0.0          0.0          0.0          0.0          0.0          0.0          0.0          0.0          0.0          0.0    8065219.1  -16130438.3   -8065219.1  -16130438.3          0.0          0.0          0.0          0.0          0.0          0.0 ]
[         0.0          0.0          0.0          0.0  -20163047.9          0.0   48391314.9          0.0  -20163047.9          0.0          0.0          0.0          0.0          0.0          0.0          0.0          0.0          0.0   -4032609.6    8065219.1   -4032609.6   -8065219.1          0.0          0.0          0.0          0.0 ]
[         0.0          0.0          0.0          0.0          0.0          0.0          0.0   32260876.6          0.0          0.0          0.0          0.0          0.0          0.0          0.0          0.0          0.0          0.0    8065219.1  -16130438.3   -8065219.1  -16130438.3          0.0          0.0          0.0          0.0 ]
[         0.0          0.0          0.0          0.0          0.0          0.0  -20163047.9          0.0   28228267.0          0.0          0.0          0.0          0.0          0.0          0.0          0.0          0.0          0.0          0.0          0.0   -4032609.6    8065219.1   -4032609.6   -8065219.1          0.0          0.0 ]
[         0.0          0.0          0.0          0.0          0.0          0.0          0.0          0.0          0.0   32260876.6          0.0          0.0          0.0          0.0          0.0          0.0          0.0          0.0          0.0          0.0    8065219.1  -16130438.3   -8065219.1  -16130438.3          0.0          0.0 ]
[         0.0          0.0          0.0          0.0          0.0          0.0          0.0          0.0          0.0          0.0   28228267.0         -0.0  -20163047.9          0.0          0.0          0.0          0.0          0.0          0.0          0.0          0.0          0.0   -4032609.6    8065219.1   -4032609.6   -8065219.1 ]
[         0.0          0.0          0.0          0.0          0.0          0.0          0.0          0.0          0.0          0.0         -0.0   32260876.6          0.0          0.0          0.0          0.0          0.0          0.0          0.0          0.0          0.0          0.0    8065219.1  -16130438.3   -8065219.1  -16130438.3 ]
[         0.0          0.0          0.0          0.0          0.0          0.0          0.0          0.0          0.0          0.0  -20163047.9          0.0   24195657.4   -8065219.1          0.0          0.0          0.0          0.0          0.0          0.0          0.0          0.0          0.0          0.0   -4032609.6    8065219.1 ]
[         0.0          0.0          0.0          0.0          0.0          0.0          0.0          0.0          0.0          0.0          0.0          0.0   -8065219.1   16130438.3          0.0          0.0          0.0          0.0          0.0          0.0          0.0          0.0          0.0          0.0    8065219.1  -16130438.3 ]
[  -4032609.6   -8065219.1   -4032609.6    8065219.1          0.0          0.0          0.0          0.0          0.0          0.0          0.0          0.0          0.0          0.0   28228267.0         -0.0  -20163047.9          0.0          0.0          0.0          0.0          0.0          0.0          0.0          0.0          0.0 ]
[  -8065219.1  -16130438.3    8065219.1  -16130438.3          0.0          0.0          0.0          0.0          0.0          0.0          0.0          0.0          0.0          0.0         -0.0   32260876.6          0.0          0.0          0.0          0.0          0.0          0.0          0.0          0.0          0.0          0.0 ]
[         0.0          0.0   -4032609.6   -8065219.1   -4032609.6    8065219.1          0.0          0.0          0.0          0.0          0.0          0.0          0.0          0.0  -20163047.9          0.0   68554362.7         -0.0  -40326095.7          0.0          0.0          0.0          0.0          0.0          0.0          0.0 ]
[         0.0          0.0   -8065219.1  -16130438.3    8065219.1  -16130438.3          0.0          0.0          0.0          0.0          0.0          0.0          0.0          0.0          0.0          0.0         -0.0   32260876.6          0.0          0.0          0.0          0.0          0.0          0.0          0.0          0.0 ]
[         0.0          0.0          0.0          0.0   -4032609.6   -8065219.1   -4032609.6    8065219.1          0.0          0.0          0.0          0.0          0.0          0.0          0.0          0.0  -40326095.7          0.0  108880458.5          0.0  -60489143.6          0.0          0.0          0.0          0.0          0.0 ]
[         0.0          0.0          0.0          0.0   -8065219.1  -16130438.3    8065219.1  -16130438.3          0.0          0.0          0.0          0.0          0.0          0.0          0.0          0.0          0.0          0.0          0.0   32260876.6          0.0          0.0          0.0          0.0          0.0          0.0 ]
[         0.0          0.0          0.0          0.0          0.0          0.0   -4032609.6   -8065219.1   -4032609.6    8065219.1          0.0          0.0          0.0          0.0          0.0          0.0          0.0          0.0  -60489143.6          0.0  108880458.5          0.0  -40326095.7          0.0          0.0          0.0 ]
[         0.0          0.0          0.0          0.0          0.0          0.0   -8065219.1  -16130438.3    8065219.1  -16130438.3          0.0          0.0          0.0          0.0          0.0          0.0          0.0          0.0          0.0          0.0          0.0   32260876.6          0.0          0.0          0.0          0.0 ]
[         0.0          0.0          0.0          0.0          0.0          0.0          0.0          0.0   -4032609.6   -8065219.1   -4032609.6    8065219.1          0.0          0.0          0.0          0.0          0.0          0.0          0.0          0.0  -40326095.7          0.0   68554362.7         -0.0  -20163047.9          0.0 ]
[         0.0          0.0          0.0          0.0          0.0          0.0          0.0          0.0   -8065219.1  -16130438.3    8065219.1  -16130438.3          0.0          0.0          0.0          0.0          0.0          0.0          0.0          0.0          0.0          0.0         -0.0   32260876.6          0.0          0.0 ]
[         0.0          0.0          0.0          0.0          0.0          0.0          0.0          0.0          0.0          0.0   -4032609.6   -8065219.1   -4032609.6    8065219.1          0.0          0.0          0.0          0.0          0.0          0.0          0.0          0.0  -20163047.9          0.0   28228267.0         -0.0 ]
[         0.0          0.0          0.0          0.0          0.0          0.0          0.0          0.0          0.0          0.0   -8065219.1  -16130438.3    8065219.1  -16130438.3          0.0          0.0          0.0          0.0          0.0          0.0          0.0          0.0          0.0          0.0         -0.0   32260876.6 ]


U Matrix
[     0.0    ]
[     0.0    ]
[    -0.0012 ]
[    -0.0085 ]
[     0.0021 ]
[    -0.0147 ]
[     0.0034 ]
[    -0.0174 ]
[     0.0046 ]
[    -0.0113 ]
[     0.0012 ]
[    -0.0051 ]
[     0.0    ]
[     0.0    ]
[     0.0048 ]
[    -0.0039 ]
[     0.0035 ]
[    -0.0124 ]
[     0.0023 ]
[    -0.0163 ]
[     0.0011 ]
[    -0.0147 ]
[    -0.0002 ]
[    -0.0074 ]
[    -0.0014 ]
[    -0.0023 ]


F Matrix
[      0.0  ]
[      0.0  ]
[      0.0  ]
[      0.0  ]
[      0.0  ]
[      0.0  ]
[      0.0  ]
[ -50000.0  ]
[      0.0  ]
[      0.0  ]
[      0.0  ]
[      0.0  ]
[      0.0  ]
[      0.0  ]
[      0.0  ]
[      0.0  ]
[      0.0  ]
[      0.0  ]
[      0.0  ]
[      0.0  ]
[      0.0  ]
[      0.0  ]
[      0.0  ]
[      0.0  ]
[      0.0  ]
[      0.0  ]


R Matrix
[  37500.0  ]
[  25000.0  ]
[      0.0  ]
[      0.0  ]
[      0.0  ]
[      0.0  ]
[      0.0  ]
[      0.0  ]
[      0.0  ]
[      0.0  ]
[      0.0  ]
[      0.0  ]
[ -37500.0  ]
[  25000.0  ]
[      0.0  ]
[      0.0  ]
[      0.0  ]
[      0.0  ]
[      0.0  ]
[      0.0  ]
[      0.0  ]
[      0.0  ]
[      0.0  ]
[      0.0  ]
[      0.0  ]
[      0.0  ]


